003/003_gulby/개봉푸르지오/2018/11/01/164228558S_0247.jpg,46,492,352,578,numberplate,0,
003/003_gulby/과천과학관/2018/09/11/094631772S_7084.jpg,663,356,899,529,numberplate,0,
003/003_gulby/과천과학관/2018/09/19/113216447S_8505.jpg,546,347,749,522,numberplate,0,
003/003_gulby/국립중앙박물관지하/2018/11/03/161542755S_2556.jpg,460,625,777,714,numberplate,0,
003/003_gulby/국립중앙박물관지하/2018/11/07/231613500S_0370.jpg,302,709,619,806,numberplate,0,
003/003_gulby/국립중앙박물관지하/2018/11/09/140134640S_9244.jpg,330,670,641,762,numberplate,0,
003/003_gulby/군산자유무역/2018/11/01/130430030S_2277.jpg,899,511,1192,590,numberplate,0,
003/003_gulby/군산자유무역/2018/11/01/140819143S_4907.jpg,803,519,1073,599,numberplate,0,
003/003_gulby/군산자유무역/2018/11/03/101307990S_6524.jpg,183,417,404,558,numberplate,0,
003/003_gulby/군산자유무역/2018/11/03/170501260S_0674.jpg,969,464,1249,540,numberplate,0,
003/003_gulby/군산자유무역/2018/11/03/170734135S_5151.jpg,668,420,857,540,numberplate,0,
003/003_gulby/군산자유무역/2018/11/05/082004893S_5308.jpg,717,410,997,493,numberplate,0,
003/003_gulby/군산자유무역/2018/11/05/091436178S_5217.jpg,929,509,1213,591,numberplate,0,
003/003_gulby/군산자유무역/2018/11/05/125314756S_6524.jpg,740,439,914,560,numberplate,0,
003/003_gulby/군산자유무역/2018/11/05/204135187S_7994.jpg,771,491,1066,602,numberplate,0,
003/003_gulby/군산자유무역/2018/11/07/150609705S_5601.jpg,908,373,1194,456,numberplate,0,
003/003_gulby/군산자유무역/2018/11/09/084956969S_3455.jpg,925,485,1114,601,numberplate,0,
003/003_gulby/군산자유무역/2018/11/09/104914951S_1621.jpg,938,437,1210,518,numberplate,0,
003/003_gulby/군산자유무역/2018/11/09/123952784S_9375.jpg,674,551,958,648,numberplate,0,
003/003_gulby/군산자유무역/2018/11/09/151125321S_2627.jpg,966,442,1261,526,numberplate,0,
003/003_gulby/군산자유무역/2018/11/09/171718763S_3555.jpg,859,483,1132,555,numberplate,0,
003/003_gulby/군산자유무역/2018/11/09/182846615S_0200.jpg,451,737,772,836,numberplate,0,
003/003_gulby/기장군청/2018/12/21/144713318S_2994.jpg,707,420,996,506,numberplate,0,
003/003_gulby/기장군청/2018/12/25/083931318S_5421.jpg,692,440,1003,526,numberplate,0,
003/003_gulby/기장군청/2018/12/27/100004314S_5750.jpg,717,431,1015,517,numberplate,0,
003/003_gulby/기장군청/2018/12/27/160932373S_4795.jpg,745,432,1053,513,numberplate,0,
003/003_gulby/기장군청/2018/12/29/092251066S_8782.jpg,392,392,693,478,numberplate,0,
003/003_gulby/노포화물자동차공영차고지/2018/07/23/145026766S_8301.jpg,440,612,762,685,numberplate,0,
003/003_gulby/대구라온제나호텔/2018/10/03/124016098S_9129.jpg,412,598,723,693,numberplate,0,
003/003_gulby/대구라온제나호텔/2018/10/05/184045551S_2167.jpg,364,612,675,690,numberplate,0,
003/003_gulby/대구라온제나호텔/2018/10/07/123327871S_4753.jpg,438,610,764,705,numberplate,0,
003/003_gulby/대구라온제나호텔/2018/10/07/160325914S_2840.jpg,559,631,877,715,numberplate,0,
003/003_gulby/대전둔산동명동프라자/2018/08/11/165344305S_0338.jpg,503,328,715,442,numberplate,0,
003/003_gulby/대전둔산동명동프라자/2018/08/17/181554862S_6096.jpg,498,325,810,402,numberplate,0,
003/003_gulby/대전둔산동명동프라자/2018/08/19/150251384S_1075.jpg,549,345,771,456,numberplate,0,
003/003_gulby/대전무역회관/2018/10/25/170617453S_0977.jpg,511,623,839,725,numberplate,0,
003/003_gulby/마포농산물/2018/08/13/090543218S_8333.jpg,342,407,644,495,numberplate,0,
003/003_gulby/마포농산물/2018/08/15/063721218S_4921.jpg,391,355,722,454,numberplate,0,
003/003_gulby/마포농산물/2018/08/15/115721531S_4910.jpg,599,380,846,516,numberplate,0,
003/003_gulby/마포농산물/2018/08/17/063756234S_1885.jpg,420,405,745,510,numberplate,0,
003/003_gulby/마포농산물/2018/08/17/134858093S_7287.jpg,604,398,942,496,numberplate,0,
003/003_gulby/마포농산물/2018/08/17/194251156S_1393.jpg,580,384,802,499,numberplate,0,
003/003_gulby/부띠끄모나코/2018/09/29/210506523S_5851.jpg,270,438,549,522,numberplate,0,
003/003_gulby/부산시설공단구서역/2018/12/21/165206187S_2001.jpg,288,522,551,603,numberplate,0,
003/003_gulby/부산시설공단구서역/2018/12/21/171959531S_5575.jpg,320,541,604,625,numberplate,0,
003/003_gulby/부산시설공단구서역/2018/12/21/174909046S_8038.jpg,437,480,731,567,numberplate,0,
003/003_gulby/부산시설공단구서역/2018/12/27/191127281S_1238.jpg,747,524,1086,617,numberplate,0,
003/003_gulby/부산시설공단해운대광장/2018/11/05/150916263S_9161.jpg,702,617,1015,704,numberplate,0,
003/003_gulby/부산시설공단해운대광장/2018/11/07/202455461S_6620.jpg,653,610,904,745,numberplate,0,
003/003_gulby/부산시설공단해운대광장/2018/11/09/081735926S_1777.jpg,433,588,670,731,numberplate,0,
003/003_gulby/부산시설공단해운대광장/2018/11/09/121930597S_4229.jpg,682,595,934,732,numberplate,0,
003/003_gulby/부산시설공단해운대광장/2018/11/09/202311778S_6368.jpg,723,567,906,660,numberplate,0,
003/003_gulby/부산진구체육센터/2018/10/15/082541392S_2234.jpg,429,644,640,773,numberplate,0,
003/003_jjong/서초포르쉐빌딩/2018/11/07/105929156S_7087.jpg,61,563,453,667,numberplate,0,
003/003_jjong/여수남산동/2018/09/01/123040394S_3028.jpg,378,399,659,486,numberplate,0,
003/003_jjong/여수남산동/2018/09/07/100124139S_4676.jpg,644,434,950,532,numberplate,0,
003/003_jjong/여수남산동/2018/09/09/140852977S_5949.jpg,344,469,622,556,numberplate,0,
003/003_jjong/여의도안원빌딩/2018/09/01/185002531S_7909.jpg,277,453,544,555,numberplate,0,
003/003_jjong/여의도안원빌딩/2018/09/07/134001562S_9087.jpg,300,454,611,568,numberplate,0,
003/003_jjong/영도구청사/2018/07/27/171439943S_1601.jpg,295,442,628,536,numberplate,0,
003/003_jjong/용산아이파크몰/2018/08/17/165330801S_0582.jpg,350,463,652,547,numberplate,0,
003/003_jjong/울주군신청사/2018/09/03/221055309S_5184.jpg,606,416,908,500,numberplate,0,
003/003_jjong/울주군신청사/2018/09/05/114704125S_3307.jpg,637,392,929,475,numberplate,0,
003/003_jjong/울주군신청사/2018/09/05/145700612S_4375.jpg,624,374,925,451,numberplate,0,
003/003_jjong/울주군신청사/2018/09/05/164544068S_3154.jpg,557,450,840,531,numberplate,0,
003/003_jjong/울주군신청사/2018/09/05/183804605S_4074.jpg,628,394,929,472,numberplate,0,
003/003_jjong/울주군신청사/2018/09/05/214711177S_7901.jpg,602,418,902,500,numberplate,0,
003/003_jjong/울주군신청사/2018/09/07/121010158S_3430.jpg,652,406,929,474,numberplate,0,
003/003_jjong/울주군신청사/2018/09/07/185034398S_1691.jpg,588,429,876,503,numberplate,0,
003/003_jjong/원주시민문화센터/2018/09/03/133710031S_6249.jpg,324,407,691,509,numberplate,0,
003/003_jjong/원주시민문화센터/2018/09/07/185059734S_8324.jpg,216,456,600,561,numberplate,0,
003/003_jjong/인천성모뇌병원/2018/11/01/095647355S_6385.jpg,747,616,1061,698,numberplate,0,
003/003_jjong/인천성모뇌병원/2018/11/01/115026839S_8795.jpg,776,630,1097,711,numberplate,0,
003/003_jjong/인천성모뇌병원/2018/11/01/194337596S_5295.jpg,647,694,972,784,numberplate,0,
003/003_jjong/인천성모뇌병원/2018/11/05/120109589S_4413.jpg,678,665,1000,741,numberplate,0,
003/003_jjong/인천성모뇌병원/2018/11/05/120358833S_2680.jpg,584,308,894,404,numberplate,0,
003/003_jjong/인천성모뇌병원/2018/11/05/135432064S_0501.jpg,369,659,676,735,numberplate,0,
003/003_jjong/인천성모뇌병원/2018/11/07/094807492S_1838.jpg,734,690,1062,775,numberplate,0,
003/003_jjong/인천성모뇌병원/2018/11/07/155546191S_4375.jpg,573,733,911,820,numberplate,0,
003/003_jjong/인천성모뇌병원/2018/11/09/130140232S_5783.jpg,800,677,1011,782,numberplate,0,
003/003_jjong/전주동경모텔/2018/12/29/094045702S_3459.jpg,385,480,600,649,numberplate,0,
003/003_jjong/전주동경모텔/2018/12/29/141408225S_4351.jpg,168,472,439,621,numberplate,0,
003/003_jjong/종로대우건설본사/2018/10/01/072206481S_3391.jpg,354,583,634,655,numberplate,0,
003/003_jjong/종로대우건설본사/2018/10/01/081835856S_2520.jpg,257,591,558,669,numberplate,0,
003/003_jjong/종로대우건설본사/2018/10/01/141350122S_9517.jpg,490,389,760,463,numberplate,0,
003/003_jjong/종로대우건설본사/2018/10/01/152459696S_3975.jpg,457,554,757,629,numberplate,0,
003/003_jjong/종로대우건설본사/2018/10/05/073741648S_1267.jpg,670,376,953,449,numberplate,0,
003/003_jjong/종로대우건설본사/2018/10/05/074719961S_9561.jpg,339,645,638,722,numberplate,0,
003/003_jjong/종로대우건설본사/2018/10/05/075024073S_3859.jpg,203,651,484,719,numberplate,0,
003/003_jjong/종로대우건설본사/2018/10/05/132309700S_9787.jpg,240,645,541,721,numberplate,0,
003/003_jjong/종로대우건설본사/2018/10/09/183640157S_4376.jpg,215,630,500,702,numberplate,0,
003/003_jjong/창원노산동/2018/08/01/235744899S_5596.jpg,406,337,723,421,numberplate,0,
003/003_jjong/창원노산동/2018/08/09/085303536S_8108.jpg,265,321,473,439,numberplate,0,
003/003_jjong/해운대온천센터/2018/07/23/164941351S_3951.jpg,456,310,758,416,numberplate,0,
003/003_jjong/해운대온천센터/2018/07/25/191458210S_0412.jpg,532,226,821,324,numberplate,0,
003/003_jjong/해운대온천센터/2018/07/27/232540044S_4325.jpg,596,328,880,414,numberplate,0,
003/003_jjong/해운대온천센터/2018/07/29/181151960S_3395.jpg,606,340,914,432,numberplate,0,
003/003_jjong/흥인동주상복합두산중공업/2018/12/21/170325984S_7227.jpg,468,533,740,604,numberplate,0,
003/003_jjong/흥인동주상복합두산중공업/2018/12/21/181125981S_8238.jpg,478,547,747,618,numberplate,0,
003/003_jjong/흥인동주상복합두산중공업/2018/12/29/132235479S_1851.jpg,412,540,664,609,numberplate,0,